(.venv) crogers@mac SimpleLE % /Users/crogers/GitHub/SimpleLE/.venv/bin/python /Users/crogers/GitHub/SimpleLE/simpletest.py
0 0302dba71700002c80f32982 [3, 2, 219, 167, 23, 0, 0, 44, 128, 243, 41, 130]  b5=  0 b6=  0 (signed    0,   0)
1 0302dba71700002c80fe9484 [3, 2, 219, 167, 23, 0, 0, 44, 128, 254, 148, 132]  b5=  0 b6=  0 (signed    0,   0)
2 0302dba71700002c8004dc85 [3, 2, 219, 167, 23, 0, 0, 44, 128, 4, 220, 133]  b5=  0 b6=  0 (signed    0,   0)
3 0302dba71700002c800ef987 [3, 2, 219, 167, 23, 0, 0, 44, 128, 14, 249, 135]  b5=  0 b6=  0 (signed    0,   0)
4 0302dba71700002c80143989 [3, 2, 219, 167, 23, 0, 0, 44, 128, 20, 57, 137]  b5=  0 b6=  0 (signed    0,   0)
5 0302dba71700002c801fa48b [3, 2, 219, 167, 23, 0, 0, 44, 128, 31, 164, 139]  b5=  0 b6=  0 (signed    0,   0)
6 0302dba71703102c8029cc8d [3, 2, 219, 167, 23, 3, 16, 44, 128, 41, 204, 141]  b5=  3 b6= 16 (signed    3,  16)
7 0302dba71703002c80343190 [3, 2, 219, 167, 23, 3, 0, 44, 128, 52, 49, 144]  b5=  3 b6=  0 (signed    3,   0)
8 0302dba71703002c803a7091 [3, 2, 219, 167, 23, 3, 0, 44, 128, 58, 112, 145]  b5=  3 b6=  0 (signed    3,   0)
9 0302dba71703002c8045d893 [3, 2, 219, 167, 23, 3, 0, 44, 128, 69, 216, 147]  b5=  3 b6=  0 (signed    3,   0)
10 0302dba71703002c804f1096 [3, 2, 219, 167, 23, 3, 0, 44, 128, 79, 16, 150]  b5=  3 b6=  0 (signed    3,   0)
11 0302dba71703f02c80542f97 [3, 2, 219, 167, 23, 3, 240, 44, 128, 84, 47, 151]  b5=  3 b6=240 (signed    3, -16)
12 0302dba71700002c805a7a98 [3, 2, 219, 167, 23, 0, 0, 44, 128, 90, 122, 152]  b5=  0 b6=  0 (signed    0,   0)
13 0302dba71700002c806ae99b [3, 2, 219, 167, 23, 0, 0, 44, 128, 106, 233, 155]  b5=  0 b6=  0 (signed    0,   0)
14 0302dba7170ef02c8070339d [3, 2, 219, 167, 23, 14, 240, 44, 128, 112, 51, 157]  b5= 14 b6=240 (signed   14, -16)
15 0302dba7170d002c807b929f [3, 2, 219, 167, 23, 13, 0, 44, 128, 123, 146, 159]  b5= 13 b6=  0 (signed   13,   0)
16 0302dba7170d002c808486a1 [3, 2, 219, 167, 23, 13, 0, 44, 128, 132, 134, 161]  b5= 13 b6=  0 (signed   13,   0)
17 0302dba7170d002c808fdfa3 [3, 2, 219, 167, 23, 13, 0, 44, 128, 143, 223, 163]  b5= 13 b6=  0 (signed   13,   0)
18 0302dba7170d002c809519a5 [3, 2, 219, 167, 23, 13, 0, 44, 128, 149, 25, 165]  b5= 13 b6=  0 (signed   13,   0)
19 0302dba7170d002c80a070a7 [3, 2, 219, 167, 23, 13, 0, 44, 128, 160, 112, 167]  b5= 13 b6=  0 (signed   13,   0)
20 0302dba71700002c80abc7a9 [3, 2, 219, 167, 23, 0, 0, 44, 128, 171, 199, 169]  b5=  0 b6=  0 (signed    0,   0)
21 0302dba71700002c80b103ab [3, 2, 219, 167, 23, 0, 0, 44, 128, 177, 3, 171]  b5=  0 b6=  0 (signed    0,   0)
22 0302dba71700002c80bc5bad [3, 2, 219, 167, 23, 0, 0, 44, 128, 188, 91, 173]  b5=  0 b6=  0 (signed    0,   0)
23 0302dba71710032c80c7a3af [3, 2, 219, 167, 23, 16, 3, 44, 128, 199, 163, 175]  b5= 16 b6=  3 (signed   16,   3)
24 0302dba71700032c80ccb1b0 [3, 2, 219, 167, 23, 0, 3, 44, 128, 204, 177, 176]  b5=  0 b6=  3 (signed    0,   3)
25 0302dba71700032c80d719b3 [3, 2, 219, 167, 23, 0, 3, 44, 128, 215, 25, 179]  b5=  0 b6=  3 (signed    0,   3)
26 0302dba71700032c80e287b5 [3, 2, 219, 167, 23, 0, 3, 44, 128, 226, 135, 181]  b5=  0 b6=  3 (signed    0,   3)
27 0302dba71700032c80e7a6b6 [3, 2, 219, 167, 23, 0, 3, 44, 128, 231, 166, 182]  b5=  0 b6=  3 (signed    0,   3)
28 0302dba71700032c80f20bb9 [3, 2, 219, 167, 23, 0, 3, 44, 128, 242, 11, 185]  b5=  0 b6=  3 (signed    0,   3)
29 0302dba71700002c80fd5abb [3, 2, 219, 167, 23, 0, 0, 44, 128, 253, 90, 187]  b5=  0 b6=  0 (signed    0,   0)
30 0302dba71700002c80026abc [3, 2, 219, 167, 23, 0, 0, 44, 128, 2, 106, 188]  b5=  0 b6=  0 (signed    0,   0)
31 0302dba71700002c800dc6be [3, 2, 219, 167, 23, 0, 0, 44, 128, 13, 198, 190]  b5=  0 b6=  0 (signed    0,   0)
32 0302dba71700002c801317c0 [3, 2, 219, 167, 23, 0, 0, 44, 128, 19, 23, 192]  b5=  0 b6=  0 (signed    0,   0)
33 0302dba717000d2c801e6ac2 [3, 2, 219, 167, 23, 0, 13, 44, 128, 30, 106, 194]  b5=  0 b6= 13 (signed    0,  13)
34 0302dba717000d2c8029cdc4 [3, 2, 219, 167, 23, 0, 13, 44, 128, 41, 205, 196]  b5=  0 b6= 13 (signed    0,  13)
35 0302dba717000d2c802ee2c5 [3, 2, 219, 167, 23, 0, 13, 44, 128, 46, 226, 197]  b5=  0 b6= 13 (signed    0,  13)
36 0302dba717000d2c803944c8 [3, 2, 219, 167, 23, 0, 13, 44, 128, 57, 68, 200]  b5=  0 b6= 13 (signed    0,  13)
37 0302dba717000d2c8044a2ca [3, 2, 219, 167, 23, 0, 13, 44, 128, 68, 162, 202]  b5=  0 b6= 13 (signed    0,  13)
38 0302dba71700002c804adbcb [3, 2, 219, 167, 23, 0, 0, 44, 128, 74, 219, 203]  b5=  0 b6=  0 (signed    0,   0)
39 0302dba71700002c804adbcb [3, 2, 219, 167, 23, 0, 0, 44, 128, 74, 219, 203]  b5=  0 b6=  0 (signed    0,   0)
40 0302dba71700002c806087d0 [3, 2, 219, 167, 23, 0, 0, 44, 128, 96, 135, 208]  b5=  0 b6=  0 (signed    0,   0)
(.venv) crogers@mac SimpleLE % 